season_duration_a=0.25
warmwasser_zyklen=24.288354898336415
verlustleistung_kW=1.2477380142728753
