season_duration_a=0.25
warmwasser_zyklen=22.29007633587786
verlustleistung_kW=1.3336167253087337
